0437 1.71414232 $\pm$ 0.13864544
0613 1.81037356 $\pm$ 0.11180704
0711 1.84476618 $\pm$ 0.09749865
1017 1.62426666 $\pm$ 0.17744567
1022 1.87419977 $\pm$ 0.08800200
1024 1.62945841 $\pm$ 0.19950894
1045 2.01783985 $\pm$ 0.08221070
1446 2.01783985 $\pm$ 0.08221070
1545 2.01783985 $\pm$ 0.08221070
1600 1.20089623 $\pm$ 0.20195614
1603 1.98536820 $\pm$ 0.14308432
1643 1.64634817 $\pm$ 0.01916200
1713 1.24506674 $\pm$ 0.43449129
1730 1.19026566 $\pm$ 0.26097505
1744 1.57630038 $\pm$ 0.13128568
1824 2.35901933 $\pm$ 0.12981584
1832 2.01783985 $\pm$ 0.08221070
1857 1.62080022 $\pm$ 0.24484450
1909 1.26824340 $\pm$ 0.03722625
1939 2.51070650 $\pm$ 0.04812829
2124 2.21947653 $\pm$ 0.07777480
2129 2.49633806 $\pm$ 0.14255357
2145 1.95526389 $\pm$ 0.16508034
2241 2.92053320 $\pm$ 0.27089266
